2469
2468
2467
2466
2469
2468
2466
2469
2470
2466
2469
2468
2467
2467
2468
2470
2468
2470
2468
2470
2472
2470
2470
2471
2470
2470
2470
2471
2471
2468
2472
2472
2470
2472
2470
2472
2470
2470
2473
2478
2453
2451
2163
1866
2220
2052
2020
2453
2454
1804
2390
2194
1955
1667
2424
1454
1626
2067
1993
2181
1821
2258
2425
2280
1880
2317
1607
2105
2118
2243
2179
1971
1891
1982
1606
2080
2036
2026
2011
2021
2016
2003
1997
1978
1990
1983
1988
1995
2003
2001
2001
2003
2005
2003
2004
2002
2005
2001
2004
2003
2003
2001
2005
2001
2005
2005
2004
2005
2003
2027
2003
2004
2004
2009
2015
2016
2013
2015
2014
2015
2014
2015
2013
2015
2014
2015
2014
2015
2013
2014
2007
1993
1963
1845
1956
1963
1965
1896
1879
1869
1892
1869
1817
1408
1406
1785
1830
1408
1650
1764
1630
1532
1627
1695
1628
1571
1377
1430
1575
1465
1481
1528
1482
1477
1472
1613
1604
1352
1480
1440
1520
1521
1489
1531
1490
1528
1372
1557
1466
1527
1468
1553
1551
1472
1527
1468
1371
1373
1471
1525
1471
1495
1498
1493
1371
1496
1497
1519
1496
1519
1469
1521
1520
1521
1521
1522
1545
1544
1521
1521
1521
1518
1520
1518
1522
1520
1519
1519
1518
1544
1520
1519
1518
1520
1519
1551
1541
1490
1542
1504
1416
1440
1408
1438
1372
1390
1377
1391
1338
1308
1340
1365
1327
1783
1294
1282
1268
1281
1266
1266
1265
1243
1539
1243
1622
1484
1540
1507
1444
1453
1441
1315
1381
1407
1528
1394
1378
1425
1371
1510
1496
1505
1853
1453
1392
1418
1465
1431
1390
1405
1441
1441
1410
1405
1377
1438
1404
1425
1416
1427
1423
1408
1407
1417
1370
1404
1421
1404
1375
1395
1402
1404
1389
1427
1403
1421
1422
1404
1418
1427
1405
1393
1393
1404
1392
1391
1402
1393
1419
1398
1394
1389
1393
1393
1392
1416
1393
1390
1393
1396
1392
1394
1396
1392
1391
1391
1390
1392
1393
1392
1388
1389
1392
1380
1513
1326
1404
1365
1339
1303
1306
1331
1328
1369
1594
1267
1363
1269
1304
1331
1413
1326
1442
1344
1275
1341
1278
1316
1311
1278
1269
1283
1355
1312
1304
1328
1291
1319
1218
1283
1219
1264
1269
1256
1260
1303
1240
1267
1301
1269
1271
1265
1297
1294
1240
1347
1321
1318
1316
1291
1316
1319
1291
1319
1318
1290
1316
1314
1318
1315
1316
1316
1292
1315
1339
1312
1313
1295
1318
1258
1241
1379
1341
1327
1329
1359
1332
1307
1240
1358
1305
1258
1250
1253
1275
1451
1277
1345
1514
1305
1350
1281
1289
1278
1297
1258
1244
1288
1288
1246
1430
1263
1225
1280
1275
1275
1242
1230
1273
1450
1265
1301
1252
1246
1244
1247
1278
1227
1256
1266
1254
